1783703244.9922423 0 0
1783703276.1729183 211 225
1783703307.807787 312 488
1783703339.4297814 65 735
1783703371.002969 65 735
1783703402.7968693 65 735
1783703434.3784115 64 735
1783703465.9423304 65 735
1783703497.5371623 61 735
1783703529.1177711 61 735
1783703560.811609 56 734
1783703592.5581276 64 730
1783703624.3331354 51 731
1783703656.245631 63 734
1783703688.503932 57 730
1783703720.5843341 44 728
1783703752.7796009 54 732
1783703785.0374718 61 734
1783703817.3467216 54 734
1783703849.6801383 62 729
1783703882.002639 53 731
1783703914.4609168 61 732
1783703946.9244902 54 733
1783703979.3385296 53 734
1783704012.0410707 55 732
1783704044.6718118 57 733
1783704077.3106775 59 734
1783704110.111439 61 733
1783704142.92727 52 734
1783704176.089056 59 733
1783704209.0798378 59 733
1783704241.9745433 56 735
1783704274.9252853 50 730
1783704308.0112965 51 733
1783704341.3581696 55 734
1783704374.9452977 36 734
1783704408.5130765 45 734
1783704441.743416 48 733
1783704475.1524189 50 734
1783704508.3438933 62 734
1783704541.5686185 58 735
1783704575.2580626 46 734
1783704608.7814684 55 733
1783704642.0330698 63 734
1783704675.7184079 57 730
1783704709.3924012 51 734
1783704742.76186 53 732
1783704776.1122384 56 734
1783704809.6289291 63 733
1783704843.0549989 60 735
1783704876.3779624 47 735
1783704909.7346544 55 734
1783704943.273875 54 734
1783704976.799174 62 735
1783705010.2233248 52 734
1783705043.8688126 63 733
1783705077.2275085 57 733
1783705110.6052742 60 735
1783705144.6171439 51 734
1783705178.074515 63 732
1783705211.5154514 57 733
1783705244.9538689 44 733
1783705278.7391448 55 734
1783705312.5295658 52 734
1783705346.2924244 62 729
1783705380.0199888 54 733
1783705413.7083855 56 735
1783705447.5907564 56 731
1783705481.0570176 60 735
1783705514.4973774 57 733
1783705548.1548812 79 718
1783705581.6580906 58 710
1783705615.3126318 101 693
1783705648.907703 115 670
1783705682.6520417 138 655
1783705716.2963383 172 621
1783705749.805571 192 602
1783705783.26117 206 578
1783705816.8542123 226 562
1783705850.5503662 259 538
1783705884.3907194 270 524
1783705918.076613 178 612
1783705951.4636693 181 615
1783705985.3610604 189 601
1783706018.7767606 206 586
1783706052.3596706 241 556
1783706085.7584465 255 536
1783706119.5476751 284 514
1783706153.2894583 299 497
1783706186.663133 318 480
1783706220.1078796 333 464
1783706253.789351 347 447
1783706287.58306 367 427
1783706321.0749407 308 490
1783706354.6980128 227 564
1783706388.883426 233 561
1783706422.438633 241 556
1783706455.9590702 252 544
1783706489.8417459 262 538
1783706523.66287 271 523
1783706557.263924 296 501
1783706590.8109593 307 492
1783706624.3713937 322 469
1783706657.836451 346 451
1783706691.2686584 358 439
1783706724.9560056 288 506
1783706758.4613433 300 497
1783706792.6542008 313 485
1783706826.65058 214 566
1783706860.4238677 236 556
1783706894.0533361 247 547
1783706927.595455 258 533
1783706961.1815567 270 528
1783706994.7054605 274 522
1783707028.244106 283 517
1783707061.962997 288 509
1783707095.5944612 296 503
1783707129.1021593 301 499
1783707162.6239119 234 561
1783707196.5332813 240 552
1783707230.2985923 256 541
1783707264.0558045 97 693
1783707297.627681 111 688
1783707331.2723215 131 668
1783707365.3775136 144 651
1783707399.5868013 160 638
1783707433.5014317 173 620
1783707467.3260894 191 607
1783707501.5773659 145 652
1783707535.4238904 131 663
1783707569.6138198 147 648
1783707603.6237757 133 665
1783707637.4769287 62 732
1783707671.284603 64 734
1783707705.3375468 71 728
1783707739.5125868 56 712
1783707773.7924898 99 681
1783707807.6428142 135 661
1783707841.6261258 154 632
1783707875.4292538 188 611
1783707909.459245 206 579
1783707943.1747146 241 555
1783707976.8143146 262 530
1783708010.721848 198 590
1783708044.6143801 201 587
1783708078.5809433 62 732
1783708112.4443471 66 726
1783708146.331742 79 717
1783708180.5410848 80 717
1783708214.522123 92 705
1783708249.0024738 109 690
1783708282.9461017 112 683
1783708316.7607973 134 664
1783708350.6212397 147 647
1783708384.8408415 166 626
1783708418.983458 145 653
1783708453.092583 155 637
1783708486.9544768 174 621
1783708520.8780704 131 655
1783708554.7254088 140 658
1783708588.6761208 151 641
1783708622.673148 109 688
1783708656.8071842 118 682
1783708690.7983289 120 672
1783708724.6807683 131 666
1783708759.0625563 139 658
1783708793.0092006 88 706
1783708827.944418 76 722
1783708863.9141757 74 713
1783708899.5998862 87 707
1783708935.3548472 98 695
1783708971.0618386 114 679
1783709006.989003 145 646
1783709043.430681 165 628
1783709078.4363008 192 606
1783709112.9038556 206 589
1783709146.902298 134 661
1783709180.9720852 153 645
1783709215.0895221 166 629
1783709249.3042686 183 610
1783709284.429881 128 663
1783709318.6350474 61 731
1783709352.9138417 64 734
1783709387.1973193 61 735
1783709421.1502101 62 734
1783709455.1873753 62 734
1783709489.3410342 60 735
1783709523.8119073 62 732
1783709557.799749 72 725
1783709591.8428583 83 704
1783709626.1289382 105 690
1783709660.2610452 120 670
1783709694.2591112 143 651
1783709728.521768 159 636
1783709762.4051824 178 620
1783709796.7181475 195 593
1783709830.7321851 177 620
1783709864.7276597 149 647
1783709899.0565765 91 705
1783709933.4272854 98 700
1783709967.7172518 80 687
1783710001.8170447 130 669
1783710035.9084074 138 661
1783710069.893902 145 651
1783710104.1422703 131 666
1783710138.2246747 98 700
1783710172.300276 108 686
1783710206.3185418 123 675
1783710240.4806347 133 658
1783710274.7985857 98 701
1783710309.1606045 105 690
1783710343.5304503 115 678
1783710377.7021418 128 669
1783710412.2975426 137 661
1783710446.503029 69 724
1783710480.9841168 84 713
1783710515.2512815 94 705
1783710549.5525863 92 687
1783710583.6816475 122 668
1783710617.8599944 148 646
1783710652.2415879 163 632
1783710686.468034 186 610
1783710721.387614 204 595
1783710756.3856153 151 641
1783710791.645824 102 694
1783710827.8223176 111 679
1783710863.9584453 63 735
1783710899.8645568 64 735
1783710936.0941975 67 731
1783710972.1372669 75 724
1783711009.224528 80 715
1783711043.7495527 97 702
1783711077.8800142 114 678
1783711111.9271421 136 662
1783711146.2689364 154 642
1783711180.378513 175 618
1783711214.5927873 196 602
1783711249.3927658 152 648
1783711283.6553621 115 679
1783711318.215994 113 685
1783711352.4107134 64 730
1783711386.65074 72 727
1783711420.742409 75 724
1783711454.8609855 77 721
1783711489.4165063 84 713
1783711523.673874 90 706
1783711558.5718713 88 698
1783711592.906655 104 691
1783711627.2022202 73 721
1783711661.4003325 91 707
1783711695.5638616 106 686
1783711729.7777717 130 666
1783711764.0016108 149 642
1783711798.1719422 172 624
1783711832.35099 191 607
1783711866.7321765 149 649
1783711901.0380874 151 643
1783711935.2506201 117 678
1783711969.7929695 65 734
1783712004.1392252 61 734
1783712038.468125 62 734
1783712072.9312305 65 734
1783712107.4927988 69 727
1783712141.7846372 79 720
1783712176.7296786 92 707
1783712211.085979 107 688
1783712245.390633 120 674
1783712279.6679592 138 659
1783712314.1569939 158 639
1783712348.500043 171 618
1783712383.0080645 193 600
1783712417.4114473 148 649
1783712452.1087499 103 694
1783712486.3672683 64 733
1783712521.7100112 71 727
1783712556.3173296 75 721
1783712591.0361488 85 710
1783712625.5239131 98 700
1783712660.2657561 112 686
1783712694.713683 124 669
1783712728.8546152 142 656
1783712763.4976854 161 638
1783712797.985352 180 619
1783712832.5168693 98 697
1783712867.0038896 93 706
1783712901.377144 100 696
1783712935.7653842 109 688
1783712970.220059 78 720
1783713004.9829192 82 715
1783713039.4228907 95 704
1783713073.7691581 106 691
1783713108.2711706 127 672
1783713142.8437762 138 654
1783713177.168565 109 688
1783713211.6735287 115 678
1783713246.095726 127 669
1783713280.4616237 122 659
1783713314.9229462 131 661
1783713349.3986287 127 667
1783713383.9684255 78 720
1783713418.6854012 78 715
1783713453.0832276 84 713
1783713487.456745 93 707
1783713522.0172403 101 696
1783713556.487281 111 687
1783713591.9675097 70 724
1783713627.133644 77 719
1783713661.9796422 83 715
1783713696.8341823 90 706
1783713731.279636 103 695
1783713765.7186444 116 681
1783713801.0407777 130 664
1783713835.6091888 110 686
1783713870.0811806 125 671
1783713904.601305 139 660
1783713939.0595348 149 648
1783713973.4786506 160 637
1783714007.970545 104 693
1783714042.6119845 63 735
1784139058.6694832 0 0
1784139089.9689565 743 0
1784139121.2944438 800 0
1784139152.62817 799 1
1784139183.944959 798 2
1784140942.3536 513 0
1784140973.8356583 800 0
1784141005.3215466 800 0
1784141036.7731338 799 1
1784141068.328494 799 1
1784141099.7875175 798 1
1784141131.195704 799 1
1784141162.5939524 797 3
1784141194.0185966 797 3
1784141225.491872 796 4
1784141256.93594 796 4
1784141288.6473038 794 6
1784141320.0473135 792 8
1784141351.4676147 791 8
1784141382.8860593 791 9
1784141414.3111422 789 11
1784141445.7512734 786 11
1784141477.2019541 787 11
1784141508.8549979 789 11
1784141540.3299015 786 11
1784141571.844483 787 10
1784141603.4312704 789 11
1784141634.9176223 783 11
1784141666.4749377 790 9
1784141698.0312138 791 8
1784141729.6389232 793 7
1784141761.2269387 793 7
1784141792.7943034 793 7
1784141824.358069 793 7
1784141855.8600008 793 7
1784141887.4269626 793 7
1784141918.8962445 793 7
1784141950.4161987 793 7
1784141981.897014 794 6
1784142013.4489744 796 4
1784142044.9502742 796 4
1784142076.49193 796 4
1784142108.0473897 796 4
1784142139.5815392 796 4
1784142171.1181293 796 3
1784142202.6242847 797 3
1784142234.2085137 797 3
1784142265.7579026 797 3
1784142297.3794227 797 3
1784142328.9686866 796 4
1784142360.51597 792 8
1784142392.093516 786 14
1784142423.6514633 786 14
1784142455.2377179 784 16
1784142486.8523872 783 17
1784142518.5504076 783 16
1784142550.4318101 781 19
1784142582.5466206 780 19
1784142615.053663 781 19
1784142647.8754263 780 19
1784161822.174201 0 0
1784161853.5090485 683 0
1784161884.8160458 800 0
1784161916.097333 798 2
1784161947.4816608 797 3
1784161978.8640783 795 5
1784162010.1867049 792 8
1784162041.4957218 792 8
1784162072.7836475 789 11
1784162104.0765617 789 11
1784162135.3789465 787 13
1784162166.7074423 785 15
1784162197.998732 783 17
1784162229.6654665 782 18
1784162261.4301553 781 19
1784162293.2009428 780 19
1784162324.8694901 780 20
1784162356.65344 780 20
1784162388.5543952 778 22
1784162420.547989 776 22
1784162452.009209 776 24
1784162483.3492107 776 24
1784162514.691808 776 24
1784162546.041732 776 24
1784162577.387732 776 24
1784162608.8144376 776 23
1784162640.172932 777 23
1784162671.4954915 778 22
1784162702.862151 780 20
1784162734.174114 781 19
1784162765.5263839 777 22
1784162797.0394535 777 23
1784162828.4061205 778 21
1784162859.78973 778 20
1784162891.1696973 778 20
1784162922.5566354 779 20
1784162953.9373796 777 19
1784162985.3600829 782 16
1784163016.7181184 783 17
1784163048.1471977 783 17
1784163079.5516732 785 15
1784163110.9342017 785 15
1784163142.3187006 787 12
1784163173.692591 787 13
1784163205.0999923 788 12
1784163236.4864604 788 11
1784163267.96578 789 11
1784163299.3655262 791 9
1784163330.8195007 792 8
1784163362.2788267 793 7
1784163393.6563184 793 7
1784163425.0329354 794 6
1784163456.4915168 794 5
1784163487.933916 796 4
1784163519.4794698 793 7
1784163550.98756 792 8
1784163582.4280999 790 9
1784163613.950418 789 11
1784163645.4213943 788 12
1784163676.9004598 785 15
1784163708.3632224 785 15
1784163739.8458295 783 17
1784163771.310501 780 18
1784163802.8491287 782 18
1784163834.3397677 781 19
1784163865.8688304 777 22
1784163897.35697 776 21
1784163928.8247383 775 23
1784163960.4237332 777 23
1784163991.9992368 777 23
1784164023.506954 775 24
1784164054.9981527 774 26
1784164086.5195038 775 25
1784164118.0547788 776 24
1784164149.5488822 777 23
1784164181.0894644 780 20
1784164212.6956115 777 23
1784164244.189722 776 23
1784164275.7277164 777 23
1784164307.281231 778 22
1784164338.815745 775 18
1784164370.3161807 783 17
1784164401.9695113 783 17
1784164433.4370255 783 17
1784164464.961531 783 17
1784164496.5272753 785 14
1784164528.5182962 786 14
1784164560.444339 786 13
1784164592.385541 787 13
1784164624.4617913 787 13
1784164656.5876343 788 12
1784164688.6496909 788 12
1784164720.6281846 789 11
1784164752.766874 792 8
1784164785.1279 792 8
1784164816.9412892 792 8
1784164848.6555996 793 7
1784164880.2827723 794 6
1784164911.9449143 794 6
1784164943.9222875 819 5
1784164976.436098 1525 5
1784165009.1621776 1594 5
1784165042.0162797 1592 7
1784165074.446834 1591 8
1784165106.8497136 1591 8
1784165139.3768694 1591 7
1784165171.7747984 1591 7
1784165204.2003105 1589 9
1784165236.8686595 1588 10
1784165270.0139904 1584 13
1784165302.5169833 1584 13
1784165334.935964 1582 12
1784165367.4106762 1578 16
1784165399.787114 1578 15
1784165432.2826533 1578 15
1784221557.4559152 0 0
1784221589.1322203 310 174
1784221620.624963 322 478
1784221652.1478856 292 508
1784221683.6614234 264 536
1784221715.2523413 234 566
1784221746.896736 193 607
1784221778.4438605 148 652
1784221809.9915407 126 674
1784221841.6319275 99 701
1784221873.2899687 83 710
1784221904.9645581 68 728
1784221936.6740344 68 732
1784221968.361428 54 734
1784222000.1440027 52 732
1784222032.0258064 58 732
1784222064.0898983 42 731
1784222096.4975548 64 730
1784222128.8878102 40 730
1784222161.2552924 61 732
1784222193.586278 57 711
1784222225.8198466 51 732
1784222258.8087304 56 724
1784222291.6137714 41 729
1784222324.1934805 56 731
1784222356.9076037 59 721
1784222389.7253697 48 733
1784222422.4090078 46 733
1784222455.2506936 59 732
1784222488.0099387 62 733
1784222521.0437376 42 733
1784222553.8706784 48 732
1784222586.9529428 52 735
1784222620.083908 57 733
1784222653.10136 57 734
1784222686.4258702 52 732
1784222719.6048038 394 0
1784222753.8561385 800 0
1784238983.8838706 0 95
1784239017.614533 563 95
1784239051.04263 705 95
1784239084.3834388 705 95
1784239117.6713736 705 95
1784239150.9009833 705 95
1784239184.1872556 705 95
1784239217.562496 705 95
1784239250.764586 705 95
1784239284.0189722 705 95
1784239317.3804798 705 95
1784239350.7288642 705 95
1784239383.8915448 705 95
1784239417.2398243 705 95
1784239450.3794591 705 95
1784239483.682786 705 95
1784239516.835537 705 95
1784239549.9093974 705 95
1784239583.0158389 705 95
1784239616.0795324 705 95
1784239649.0961118 705 95
1784239682.1843653 705 95
1784239715.3821025 705 95
1784239748.7450013 705 95
1784239781.9195647 705 95
1784239815.0126023 705 95
1784239848.1331239 705 95
1784239879.0611377 45 0
1784240555.3500583 152 0
1784240586.8091872 504 0
1784240618.431852 800 0
1784240650.0615435 800 0
1784240681.7545629 800 0
1784240713.4234424 800 0
1784240745.0352929 800 0
1784240776.647822 800 0
1784243615.9189222 0 0
1784243647.9988062 293 246
1784243679.5006762 68 732
1784243711.2089093 68 732
1784243742.7338402 68 732
1784243774.3283176 68 732
1784243805.8761086 68 732
1784243837.599278 68 732
1784243869.1793046 63 730
1784243900.7427578 67 732
1784243932.3818882 63 731
1784243964.1519885 62 730
1784243996.2014868 66 729
1784244028.127768 62 728
1784244059.963474 55 725
1784244092.0408666 52 730
1784244124.1203926 63 730
1784244156.2578504 55 730
1784244188.583151 64 729
1784244221.0160804 52 729
1784244253.2822783 56 732
1784244285.7419884 58 731
1784244318.2026315 66 730
1784244351.3625655 61 732
1784244384.5354445 60 728
1784244418.0873652 55 732
1784244451.7751105 52 731
1784244485.4072285 58 731
1784244519.00345 59 732
1784244553.2380626 53 730
1784244588.2557404 64 730
1784244623.1696444 61 730
1784244658.0153065 50 731
1784244688.8778098 0 0
1784246620.86733 0 0
1784246651.662869 0 0
1784308158.3379664 0 0
1784308189.61119 276 226
1784308221.28617 117 683
1784308252.83198 68 732
1784308284.3714023 68 732
1784308315.979723 68 732
1784308347.5919967 66 732
1784308379.168501 65 732
1784308410.7557595 65 732
1784308442.3791485 64 730
1784308473.9931772 61 729
1784308505.6685855 63 731
1784308537.470461 51 732
1784308569.3726163 65 732
1784308601.5678341 26 728
1784308633.6267114 53 732
1784308665.7077258 59 728
1784308698.0186727 58 730
1784308730.2170296 65 732
1784308762.4999132 65 725
1784308794.7567844 49 731
1784308827.349649 57 729
1784308859.7732008 59 732
1784308892.4084587 63 728
1784308924.8968685 64 731
1784308957.6020734 61 732
1784308990.300571 50 730
1784309023.0248191 57 730
1784309055.8498476 64 728
1784309088.6560915 61 731
1784309121.5840065 42 729
1784309154.477482 55 732
1784309187.9535291 57 730
1784309220.9597998 53 727
1784309254.1718984 54 728
1784309287.4695098 65 731
1784309320.6722138 64 728
1784309354.122105 53 732
1784309387.521611 65 731
1784309420.7186248 60 730
1784309454.0248842 56 731
1784309487.4586527 58 726
1784309520.8110018 62 732
1784309554.0572941 62 728
1784309587.3097463 66 731
1784309620.5522306 51 731
1784309654.1238754 58 731
1784309687.3543212 63 732
1784309720.6432264 58 728
1784309753.9488256 55 731
1784309787.5259826 59 732
1784309820.8029742 64 727
1784309854.3720727 59 730
1784309887.7584815 52 731
1784309921.0812256 65 730
1784309954.6918242 65 730
1784309988.2312448 56 730
1784310021.6511908 63 729
1784310054.9649947 64 732
1784310088.4063454 59 731
1784310122.069373 55 729
1784310155.5154166 61 730
1784310188.9513218 64 729
1784310222.5922356 77 710
1784310256.3010209 94 701
1784310289.6995983 95 693
1784310323.633662 105 684
1784310357.2489154 115 672
1784310390.681937 125 670
1784310424.62054 130 653
1784310458.3751736 153 638
1784310500.2061188 158 634
1784310535.4118557 91 619
1784310569.8512123 182 595
1784310604.5004458 201 577
1784310639.541031 226 567
1784310674.1229062 245 553
1784310707.540342 256 539
1784310741.1370807 286 500
1784310775.939906 302 479
1784310810.0355434 327 456
1784310844.4384074 296 494
1784310878.6442275 225 574
1784310912.5834923 239 554
1784310946.2085834 260 533
1784310980.0393026 282 516
1784311013.9111996 187 604
1784311047.6879163 198 596
1784311081.0586143 208 588
1784311115.3739462 219 580
1784311149.427788 196 594
1784311183.706756 207 587
1784311217.4639242 210 577
1784311251.1843235 209 568
1784311284.8243036 244 538
1784311318.5194285 279 506
1784311352.6566608 306 488
1784311386.727438 199 597
1784311420.2204998 191 598
1784311454.0070755 217 579
1784311487.77901 174 622
1784311522.2885365 152 644
1784311557.1397355 124 666
1784311591.588233 70 726
1784311625.2501268 74 721
1784311659.4336324 78 716
1784311692.8582625 87 711
1784311726.3829954 88 704
1784311759.8533137 99 692
1784311793.5143816 122 676
1784311827.0162055 128 670
1784311860.5928016 159 634
1784311894.165052 201 588
1784311927.6366608 236 558
1784311961.1073012 265 533
1784311994.6941006 292 505
1784312028.2232401 316 476
1784312061.6650975 351 446
1784312095.2491555 264 530
1784312128.7600937 170 626
1784312162.5662773 45 729
1784312196.2041612 70 725
1784312229.820843 74 723
1784312263.480336 77 721
1784312298.1297774 81 717
1784312333.0413191 87 713
1784312368.3110988 86 707
1784312403.5639136 92 704
1784312438.4419937 100 694
1784312473.4057586 100 696
1784312508.722073 62 725
1784312544.3223162 87 711
1784312578.4617887 105 679
1784312612.1360915 134 657
1784312645.781728 166 622
1784312679.4543319 196 597
1784312713.021092 225 566
1784312746.7283018 253 538
1784312780.46554 279 515
1784312814.0960424 288 509
1784312847.7421827 215 573
1784312881.3459837 136 662
1784312914.9915686 67 732
1784312948.6467333 62 731
1784312982.2995884 65 732
1784313016.0500443 66 732
1784313049.769632 65 731
1784313083.502842 59 731
1784313117.233693 67 732
1784313151.2098649 71 719
1784313185.0365798 0 712
1784313218.9235692 93 698
1784313252.5937304 132 664
1784313286.4384341 157 633
1784313320.219639 180 611
1784313354.051018 216 581
1784313387.7924519 242 550
1784313421.5959294 198 600
1784313455.4077644 212 578
1784313489.250207 228 568
1784313523.11491 170 626
1784313556.9102232 64 731
1784313590.8444817 66 732
1784313624.7836065 67 730
1784313658.721058 60 730
1784313692.8136759 66 732
1784313726.8066173 64 732
1784313761.0178835 68 731
1784313795.0325909 62 732
1784313828.8689198 68 729
1784313862.8409972 53 715
1784313896.6075306 97 697
1784313930.4721925 106 678
1784313964.4653146 138 656
1784313998.3036852 157 641
1784314032.2695763 169 621
1784314066.0869927 197 593
1784314099.9822469 229 559
1784314133.6979764 254 538
1784314167.4501314 193 606
1784314201.425998 119 668
1784314235.2677565 132 661
1784314269.104179 66 730
1784314302.977549 68 732
1784314336.8730114 65 732
1784314370.6766715 64 732
1784314404.5858722 30 730
1784314438.4542933 69 729
1784314472.4661472 79 719
1784314506.4365168 87 707
1784314540.3554661 94 699
1784314574.227124 100 694
1784314608.101001 112 685
1784314642.0179858 115 675
1784314675.9360106 138 654
1784314709.9009464 155 643
1784314744.1127498 82 714
1784314778.1160898 98 687
1784314812.09699 121 677
1784314846.0715888 142 656
1784314880.0823243 155 641
1784314914.0423746 170 624
1784314947.965073 196 600
1784314981.880625 215 584
1784315015.8274274 148 645
1784315049.855097 151 646
1784315083.8316238 88 705
1784315117.7762027 100 697
1784315151.746012 89 710
1784315185.7524734 63 731
1784315219.8196073 65 731
1784315253.9844472 31 729
1784315288.017649 86 711
1784315321.964854 95 703
1784315355.9530594 108 689
1784562883.4451637 0 0
1784562914.0920873 141 9
1784562944.7651997 128 22
1784562975.422245 108 42
1784563006.0886574 95 55
1784563036.784609 87 63
1784563067.575393 78 72
1784563098.2828004 68 82
1784563128.9604573 68 81
1784563159.6662364 68 82
1784563190.320791 68 82
1784563221.0239613 68 82
1784563251.7312608 68 82
1784565135.50409 0 0
1784565166.222289 78 72
1784565196.9120603 73 77
1784565227.6141815 69 81
1784565258.297212 68 82
1784565288.9663737 68 82
1784565319.6301708 68 82
1784565350.307147 68 82
1784565380.9810429 68 82
1784565411.6733084 68 82
1784565442.39221 68 82
1784565473.0587263 68 82
1784565504.0563676 67 82
1784565534.8393056 0 0
1784565565.2965622 29 0
1784565595.7771087 28 1
1784565626.241898 26 3
1784565656.901705 145 5
1784565687.5738785 145 5
1784565718.2451727 145 5
1784565748.9203224 145 5
1784565779.650632 145 5
1784565810.338302 145 5
1784565841.000322 145 5
1784565871.685264 145 5
1784565902.3639526 145 5
1784565933.0401332 145 5
1784565963.738253 145 5
1784565994.4268486 146 4
1784566025.0913773 145 5
1784566055.7719867 145 5
1784566086.6865892 145 5
1784566117.352041 145 5
1784566148.0173204 145 5
1784566178.6795208 145 5
1784566209.3602076 145 5
1784566240.0311172 145 5
1784566270.718947 145 5
1784566301.4263258 145 5
1784566332.1297636 145 5
1784566362.84504 148 2
1784566393.5303488 145 5
1784566424.2225323 145 5
1784566454.971373 145 5
1784566485.6741624 145 5
1784566516.3511536 146 4
1784566547.0471869 145 5
1784566577.7267153 145 5
1784566608.45164 145 5
1784566639.1367676 145 5
1784566669.8096159 145 5
1784566700.4962082 145 5
1784566731.4705417 145 5
1784566762.159937 145 5
1784566792.8610818 145 5
1784566823.5538828 145 5
1784566854.2605872 145 4
1784566884.9332523 146 4
1784566915.648037 146 4
1784566946.3484168 145 5
1784566977.0360909 145 5
1784567007.7429187 145 5
1784567038.435948 145 5
1784567069.180471 145 5
1784567099.8715436 145 5
1784567130.5703475 145 5
1784567161.299722 145 5
1784567192.0038106 145 5
1784567222.707951 145 5
1784567253.3927827 145 5
1784567284.098266 145 5
1784567314.7852457 145 5
1784567345.4911337 145 5
1784567376.3769991 146 4
1784567407.1065948 146 4
1784567437.788917 146 4
1784567468.4937303 146 4
1784567499.1883268 145 5
1784567529.9239762 145 5
1784567560.6624558 145 5
1784567591.359819 145 5
1784567622.0302203 145 5
1784567652.746475 147 3
1784567683.4741545 145 5
1784567714.1708808 145 5
1784567746.408191 12 42
1784567903.4979863 0 0
1784568066.7227478 0 0
1784568098.658292 190 100
1784568130.785497 375 213
1784568163.243793 472 328
1784568194.998376 292 508
1784568226.7171805 151 649
1784568258.4023123 65 735
1784568290.080859 65 735
1784568321.7964268 65 735
1784568353.503671 65 735
1784568385.2615945 65 735
1784568417.9330602 65 735
1784568449.8224752 65 735
1784568481.5180514 65 735
1784568513.219919 65 735
1784568544.9795651 68 732
1784568576.697341 66 732
1784568608.382858 66 734
1784568640.125906 65 735
1784568671.93804 67 730
1784568703.92661 75 719
1784568735.7459576 70 729
1784568767.600048 65 729
1784568799.5114188 68 731
1784568831.3504238 64 735
1784568863.2537463 65 733
1784568895.2815735 61 733
1784568927.7099297 59 735
1784568959.785354 63 735
1784568991.944454 69 728
1784569024.055416 63 729
1784569056.137597 75 722
1784569088.4553952 72 718
1784569120.8553245 79 717
1784569154.1499298 76 702
1784569186.690711 76 720
1784569219.2111561 76 709
1784569252.4654713 92 700
1784569285.1883886 85 683
1784569318.474829 109 689
1784569351.1527762 114 686
1784569383.7354 93 701
1784569416.3526182 90 710
1784569448.8676198 84 716
1784569481.3597841 72 728
1784569514.9705808 65 728
1784569547.804459 87 711
1784569580.9989471 101 683
1784569614.3501048 92 663
1784569647.2784204 112 679
1784569680.3436015 86 711
1784569713.259635 77 721
1784569746.1133502 76 721
1784569781.1032562 94 687
1784569814.8008916 120 678
1784569848.5219986 118 674
1784569882.3450468 91 706
1784569915.4104738 87 711
1784569950.221886 87 699
1784569983.7135756 77 721
1784570016.8315897 81 719
1784570050.4463708 82 718
1784570084.7515488 71 718
1784570118.445094 70 727
1784570152.1383343 69 730
1784570185.6593428 67 733
1784570220.738678 90 697
1784570255.3133519 59 725
1784570289.0596256 71 728
1784570322.6042478 83 717
1784570355.9820318 89 700
1784570391.068021 99 687
1784570425.3981814 107 681
1784570458.6636503 65 733
1784570491.9763181 70 730
1784570525.2697687 71 729
1784570558.5754762 85 704
1784570591.9439483 81 689
1784570625.3153942 106 694
1784570658.6312354 108 692
1784570691.9686444 106 693
1784570725.3434572 108 692
1784570758.5908835 118 676
1784570791.8862164 170 625
1784570825.2539973 199 584
1784570858.6492236 238 561
1784570892.1200762 248 506
1784570925.6241295 287 486
1784570958.9506404 304 494
1784570992.5111573 289 507
1784571026.120799 226 569
1784571059.7408311 194 601
1784571093.2211075 200 599
1784571126.6291137 167 630
1784571160.03921 91 709
1784571193.4996884 72 728
1784571227.024737 71 725
1784571260.5125651 75 722
1784571294.1177988 79 718
1784571327.70611 95 703
1784571361.2451022 93 695
1784571394.7963023 105 681
1784571428.3818586 128 669
1784571461.8187914 118 681
1784571495.3494766 127 672
1784571528.8093798 146 639
1784571562.4112353 124 674
1784571595.9758425 109 691
1784571629.6209831 111 689
1784571663.2102869 114 684
1784571696.7923214 122 677
1784571730.2626274 133 659
1784571763.7520375 141 651
1784571797.2547936 154 641
1784571830.8069353 162 637
1784571864.3466067 178 622
1784571897.8316486 179 614
1784571931.3488343 188 611
1784571965.1084857 194 603
1784571998.6570075 189 601
1784572032.1953015 202 589
1784572065.6529977 203 593
1784572099.1216097 209 586
1784572134.3565454 207 578
1784572168.024585 195 602
1784572201.57829 70 719
1784572235.406965 71 721
1784572269.142811 75 723
1784572302.8773177 74 725
1784572336.4580734 77 720
1784572370.1189928 80 720
1784572403.6842947 79 718
1784572437.2531414 78 716
1784572470.8182626 77 719
1784572504.4507902 88 712
1784572538.1611123 73 715
1784572571.7624314 78 722
1784572605.3732018 79 720
1784572639.0855992 86 713
1784572672.774976 90 704
1784572706.3648612 84 716
1784572740.0560598 87 707
1784572773.6739228 130 647
1784572807.3548043 134 659
1784572841.0390923 144 647
1784572874.6340816 163 635
1784572908.3865547 177 623
1784572941.990787 189 610
1784572975.604384 195 604
1784573009.2601366 118 678
1784573042.9616323 126 672
1784573076.5846875 132 667
1784573110.2522662 135 638
1784573143.8704395 149 650
1784573177.4678965 158 641
1784573211.1139007 155 645
1784573244.7804163 131 669
1784573278.4513154 67 729
1784573312.2461436 80 719
1784573345.9661674 76 724
1784573379.677472 80 719
1784573413.3616278 83 716
1784573447.2797801 71 679
1784573481.0055687 87 713
1784573514.6657093 83 716
1784573548.4002845 86 712
1784573582.1038215 75 721
1784573615.8602312 84 716
1784573649.8043277 96 669
1784573683.5652814 156 639
1784573717.4307187 167 631
1784573751.209703 187 612
1784573784.9947975 191 604
1784573818.7007217 207 586
1784573852.4347074 219 577
1784573886.2464392 233 561
1784573919.9377568 240 552
1784573953.575529 257 539
1784573987.2214653 271 524
1784574020.849212 292 497
1784574054.6189232 282 518
1784574088.620332 179 621
1784574122.5777438 134 661
1784574156.4316413 145 650
1784574190.2373536 160 640
1784574224.1053746 169 626
1784574257.9171138 169 629
1784574291.7511277 106 692
1784574325.572078 80 720
1784574359.4514568 71 728
1784574393.3239198 81 715
1784574427.093484 73 725
1784574460.9142225 75 723
1784574494.7996292 83 716
1784574528.6127183 102 695
1784574562.4094267 84 715
1784574596.2530155 90 676
1784574630.0686188 125 675
1784574663.8715158 131 664
1784574697.7384746 137 662
1784574731.5086377 140 659
1784574765.2921305 140 660
1784574799.1017537 145 647
1784574832.875552 147 650
1784574866.6656044 152 647
1784574900.6015813 154 643
1784574934.4329314 162 633
1784574968.227229 175 623
1784575002.0718215 181 613
1784575035.8288522 190 606
1784575069.7409213 188 607
1784575103.586126 143 656
1784575137.6928313 143 657
1784575171.6314344 144 654
1784575205.5881603 145 651
1784575239.594155 145 647
1784575273.4874072 149 646
